36
110
260
446
625
684
731
735
960
1098
1145
1237
1307
1315
1375
1764
2007
2083
2135
2459
2466
2560
2567
2575
2585
2892
3008
3197
3579
3770
3915
3967
3988
4020
4065
4139
4159
4309
4331
4404
4502
4508
4608
4741
4981
5021
5094
5336
5360
5373
5471
5689
5828
5946
6026
6057
6295
6338
6364
6407
6491
6520
6572
6578
6760
6780
6811
6824
6941
6945
7049
7103
7318
7420
7524
7689
7809
7932
7946
7953
8053
8058
8114
8285
8309
8369
8383
8587
8639
8856
8991
9024
9226
9542
9698
9708
9738
9760
9771
9789
9983
10069
10082
10130
10244
10743
10784
10787
10799
10877
11029
11075
11077
11129
11256
11591
11702
11856
12044
12079
12284
12345
12418
12472
12501
12661
12678
12704
12757
12825
13106
13172
13182
13283
13290
13302
13595
13719
13856
13874
13921
13969
14113
14128
14493
14536
14575
14698
14748
14757
14807
14835
14864
15011
15190
15268
15354
15576
15586
15644
15645
15772
15859
15897
16101
16112
16216
16273
16448
16468
16616
16693
16737
16814
16823
17137
17308
17559
17586
17858
17883
18075
18093
18179
18377
18482
18530
18554
18816
18839
19123
19240
19375
19388
19448
19501
19671
19754
19949
20119
20168
20184
20311
20417
20702
20742
20987
21151
21213
21223
21281
21462
21750
21826
21830
21895
21968
22193
22275
22360
22501
22658
22675
22811
22882
22924
22964
22987
23054
23072
23134
23275
23280
23311
23392
23676
23919
23984
24002
24030
24159
24259
24310
24352
24454
24520
24554
24657
24674
24689
24706
24716
24725
24737
24808
24842
24935
25147
25167
25352
25515
25549
25729
25855
25907
25998
26031
26132
26133
26260
26304
26321
26356
26362
26375
26424
26570
26583
26602
26655
26746
26780
26913
26995
27041
27142
27224
27227
27302
27364
27365
27389
27395
27417
27428
27510
27539
27723
27750
27776
27792
27826
28012
28037
28058
28230
28281
28314
28335
28417
28518
28555
28858
28924
28953
29140
29145
29161
29176
29241
29275
29286
29320
29328
29523
29607
29642
29724
29730
29799
29813
29936
29964
30100
30395
30431
30643
30665
30677
30838
30871
30939
31082
31161
31187
31250
31258
31282
31504
31536
31537
31621
31729
31822
31867
31902
31904
31922
31923
32068
32134
32149
32368
32442
32491
32679
32720
32738
32829
32850
32918
32949
32957
33262
33500
33555
33572
33593
33601
33761
33930
33991
34039
34138
34356
34404
34478
34489
34539
34551
34611
34702
34752
34798
34825
34835
35030
35246
35272
35322
35361
35446
35547
35558
35642
35643
35741
35880
35948
35964
35979
36006
36151
36228
36281
36282
36459
36498
36732
36827
36881
36904
36908
36951
37012
37015
37039
37063
37076
37198
37244
37682
37702
37932
37979
38123
38178
38232
38411
38431
38477
38584
38745
38756
38786
38845
38910
38955
39080
39082
39099
39113
39335
39360
39467
39527
39580
39747
40091
40211
40351
40535
40732
40771
40830
40855
40905
40940
40954
40957
41105
41135
41340
41404
41413
41461
41475
41552
41568
41649
41658
41710
41753
41962
42042
42103
42169
42407
42429
42472
42704
42725
42756
42760
42820
42967
43033
43110
43226
43411
43692
43719
43739
43742
43856
43895
43922
43931
44040
44170
44298
44360
44385
44625
44637
44644
44719
44774
44788
44820
44954
45058
45084
45138
45226
45259
45299
45306
45339
45425
45464
45552
45600
45750
45792
45854
45994
46106
46258
46265
46315
46372
46419
46519
46524
46544
46725
47074
47093
47101
47192
47235
47267
47475
47481
47489
47502
47509
47548
47621
47639
47667
47935
47973
48160
48209
48270
48408
48493
48616
48617
48759
48870
48931
49022
49128
49424
49478
49782
49814
49904
49933
50013
50028
50158
50179
50246
50263
50294
50340
50414
50470
50562
50620
50691
50740
50791
50817
50863
50980
50988
51083
51110
51285
51302
51342
51443
51478
51501
51663
51899
51963
52030
52073
52086
52123
52179
52192
52208
52295
52433
52516
52543
52582
52634
52650
52756
52843
52902
53101
53196
53275
53347
53351
53374
53405
53518
53546
53589
53695
53731
53756
53806
53929
54001
54003
54083
54124
54173
54294
54348
54406
54563
54868
55090
55206
55294
55331
55344
55373
55388
55434
55578
55690
55723
55731
55733
55823
55874
55937
56040
56109
56119
56287
56306
56521
56594
56604
56636
56677
56729
56800
57169
57362
57461
57481
57498
57591
57595
57631
57646
57697
57719
57782
57796
57810
57820
57895
57995
58101
58403
58464
58482
58601
58630
58666
58708
58801
58836
58873
59034
59229
59267
59327
59351
59358
59571
59648
59679
59691
59971
59993
60035
60041
60043
60136
60285
60289
60350
60370
60402
60496
60532
60539
60678
60810
60903
60945
61053
61202
61206
61288
61400
61478
61585
61635
61729
61832
61877
61966
62420
62446
62480
62558
62763
62923
63163
63418
63566
63683
63959
64092
64148
64236
64314
64341
64350
64379
64392
64481
64492
64731
64799
64823
64933
65043
65063
65292
65307
65404
65488
65554
65712
65755
65831
65955
65965
65984
66096
66230
66347
66487
66507
66593
67084
67090
67099
67127
67248
67271
67428
67438
67462
67470
67548
67560
67656
67663
67715
68153
68163
68237
68367
68459
68581
68636
68663
68895
68914
68987
69048
69308
69342
69355
69432
69480
69578
69661
69675
69837
69929
69979
70156
70159
70333
70470
70727
70787
70800
71006
71122
71224
71229
71244
71265
71313
71396
71441
71691
71714
72203
72235
72312
72396
72429
72538
72549
72565
72708
72733
72746
72790
72792
72859
72866
73066
73174
73293
73418
73427
73434
73568
73786
73824
73857
73860
73897
73925
73929
73941
73966
73997
74051
74081
74127
74176
74273
74302
74325
74356
74398
74409
74515
74599
74650
74885
74917
74959
75002
75027
75114
75305
75546
75637
75682
75697
75747
75754
75810
75882
75968
76049
76178
76607
76740
76742
76937
77099
77155
77236
77308
77355
77553
77662
77752
77864
78196
78466
78642
78925
78963
79170
79244
79262
79367
79512
79632
79720
79883
79912
79968
80044
80084
80279
80332
80341
80480
80554
80609
80771
80911
80931
81003
81177
81188
81201
81239
81296
81357
81434
81463
81809
81838
81930
81971
82304
82359
82438
82513
82523
82683
82738
82936
82969
83000
83167
83481
83642
83690
83783
83818
83866
83873
83875
83879
83964
84157
84230
84253
84268
84313
84391
84546
84558
84649
84712
84731
84840
84845
84896
84902
85092
85235
85254
85322
85372
85455
85531
85549
85589
85659
85666
85974
86107
86117
86189
86221
86248
86292
86526
86569
86676
86993
87017
87101
87151
87208
87225
87522
87525
87850
87933
87987
88208
88324
88344
88514
88576
88663
88671
88719
88825
89095
89158
89207
89212
89266
89654
89788
89905
89931
90196
90238
90251
90277
90293
90498
91257
91276
91289
91310
91366
91442
91637
91638
91911
91989
92221
92342
92415
92627
92702
92910
92928
92953
93030
93090
93176
93287
93298
93378
93424
93586
93740
93756
93860
93916
94010
94031
94318
94350
94687
94714
94723
94975
95020
95099
95100
95124
95171
95213
95257
95267
95278
95308
95358
95380
95455
95483
95562
95752
95789
95793
95902
96030
96421
96496
96653
96728
96746
96793
96800
96828
96881
97040
97057
97130
97314
97431
97743
97801
97916
97936
97999
98013
98127
98205
98298
98345
98405
98494
98592
98820
98830
99062
99070
99135
99170
99192
99245
99252
99313
99316
99354
99422
99619
99632
99847
99933
99942
100034
100078
100157
100273
100312
100386
100611
100717
100777
100798
101017
101194
101215
101319
101348
101401
101450
101468
101510
101530
101552
101560
101594
101597
101814
101816
101820
101842
101960
101978
102024
102118
102357
102405
102451
102529
102540
102546
102550
102834
103089
103231
103380
103455
103556
103722
103969
104021
104023
104075
104177
104304
104425
104466
104493
104504
104505
104596
104661
104800
104821
104931
104943
104956
104999
105168
105228
105237
105310
105339
105389
105470
105531
105561
105605
105640
105685
105767
105830
105863
105877
105933
106001
106025
106047
106168
106199
106287
106774
106788
106820
106836
106843
106994
107138
107156
107518
107535
107619
107683
107970
108154
108282
108301
108557
108620
108642
108762
109119
109174
109182
109199
109203
109208
109232
109423
109513
109608
109640
109666
109838
109950
109986
110087
110187
110404
110488
110490
110544
110547
110574
110674
110811
111543
111694
111754
111759
111842
111972
112029
112182
112253
112409
112443
112584
112604
112661
112793
113123
113142
113192
113212
113315
113370
113561
114035
114141
114222
114288
114316
114421
114474
114510
114540
114617
114661
114822
114843
114937
114940
114945
115055
115569
115635
115719
115950
116048
116049
116064
116088
116147
116166
116268
116339
116557
116618
116708
116872
116882
116988
117040
117114
117321
117371
117417
117532
117555
117636
118207
118272
118278
118347
118736
118895
118936
119021
119157
119248
119441
119555
119561
119647
119953
120059
120118
120188
120207
120376
120511
120676
120939
121046
121047
121052
121056
121142
121361
121441
121565
121589
121615
121644
121706
121792
121867
121952
122001
122182
122382
122438
122631
122796
122857
122896
122899
122945
123013
123038
123166
123282
123298
123411
123473
123532
123731
123766
123851
123907
123949
124117
124122
124291
124349
124477
124580
124694
124703
124805
124850
125118
125213
125218
125234
125341
125351
125548
125550
125735
125746
125822
125845
125920
126027
126073
126090
126144
126203
126301
126352
126409
126497
126612
126625
126678
126681
126699
126709
126910
126947
127055
127267
127298
127324
127499
127581
127786
127830
127986
127994
128008
128022
128127
128135
128181
128281
128514
128539
128608
128647
128665
128682
128955
128963
129041
129108
129201
129205
129246
129314
129327
129361
129439
129462
129509
129631
130011
130047
130099
130314
130718
130741
130949
130971
130997
131197
131208
131427
131450
131534
131572
131580
131665
131735
131764
131816
131979
132000
132217
132294
132299
132607
132836
132838
132973
133543
133627
133634
133722
133766
133850
133905
133937
133940
134007
134039
134169
134344
134496
134506
134510
134564
134589
134639
134772
134782
134825
134832
134918
135045
135113
135122
135229
135287
135442
135626
135683
135744
136145
136289
136468
136493
136570
136651
136663
136664
136673
136721
136971
137140
137150
137202
137203
137256
137304
137377
137571
137617
137715
137767
137808
137829
137832
137884
137931
138265
138276
138288
138368
138370
138547
138562
138567
138579
138621
138760
138772
138830
138935
139042
139065
139139
139198
139359
139429
139469
139551
139595
139711
139763
139815
139817
139878
139987
140088
140115
140155
140180
140333
140627
140633
140700
140762
140992
141153
141200
141236
141723
141874
141947
142259
142428
142440
142481
142547
142565
142674
142767
142953
142985
143263
143379
143383
143478
143490
143532
143578
143607
143630
143636
143713
143811
143904
143958
143959
144022
144079
144203
144246
144436
144608
144971
145113
145127
145128
145161
145503
145526
145679
145690
145794
145823
146049
146091
146103
146162
146163
146224
146313
146561
146645
146954
146972
147105
147172
147187
147294
147347
147366
147543
147574
147718
147775
147788
147931
147941
147963
148230
148276
148297
148385
148506
148587
148676
148938
148983
149280
149356
149358
149604
149643
149682
149686
149774
149961
150151
150354
150512
150541
150773
150955
150981
151124
151125
151273
151408
151486
151637
151671
151893
151927
151954
151979
152036
152309
152328
152406
152556
152566
152573
152614
152626
152942
152954
153204
153380
153601
153604
153634
153677
153814
153827
153938
154037
154096
154204
154337
154369
154616
154689
154847
154916
154927
155138
155160
155194
155198
155268
155450
155705
155806
155883
155908
156084
156125
156180
156260
156349
156701
156824
156939
157016
157076
157239
157350
157356
157380
157491
157636
157675
157693
157811
157991
158051
158077
158105
158201
158334
158353
158443
158445
158501
158647
158684
158747
158823
159069
159100
159213
159504
159558
159577
159649
159704
159723
159768
159808
159828
159856
160152
160414
160459
160516
160688
160708
160810
160844
161015
161157
161242
161328
161610
161611
161749
161793
161814
162007
162558
162700
162882
162930
163047
163292
163350
163358
163442
163485
163713
163823
163840
163866
163903
164043
164234
164262
164462
164552
164698
164772
164920
164941
165040
165050
165064
165200
165291
165488
165559
165680
165757
165773
165792
166073
166093
166230
166233
166297
166310
166376
166408
166474
166504
166599
166630
166776
166848
166926
167028
167115
167169
167300
167450
167490
167675
167680
167683
167728
167755
167783
167908
168134
168207
168349
168371
168377
168417
168563
168571
168657
168661
168716
168738
168806
168833
168874
168998
169086
169192
169204
169299
169334
169600
169607
169810
169863
169986
169995
170045
170053
170101
170118
170180
170227
170388
170406
170506
170712
170754
170846
170865
170877
170925
170982
171017
171038
171045
171053
171158
171210
171239
171297
171665
171808
172062
172105
172156
172255
172377
172387
172501
172506
172545
172597
172680
172989
173019
173121
173373
173631
173632
173634
173745
173749
173994
174026
174028
174098
174304
174305
174470
174601
174657
174718
174751
174758
174814
174967
175015
175227
175336
175427
175523
175541
175565
175635
175664
175847
175870
175952
175978
175998
176032
176091
176157
176176
176432
176463
176568
176587
176624
176671
176720
176785
176925
176947
177022
177115
177406
177538
177572
177658
177809
177832
177858
177879
177950
178018
178081
178285
178567
178598
178666
178682
178751
178847
178849
179024
179034
179186
179326
179421
179480
179758
179968
180020
180048
180351
180410
180593
181038
181098
181330
181367
181371
181413
181564
181769
181837
181953
182082
182118
182121
182126
182201
182257
182416
182556
182620
182625
182793
182799
182852
182933
182957
182960
182997
183051
183197
183212
183219
183240
183329
183330
183427
183594
183740
183807
183953
183964
184224
184230
184246
184315
184463
184520
184547
184707
184805
184866
184868
184892
184937
185089
185177
185287
185358
185519
185777
185906
185991
186205
186275
186550
186558
186606
186962
187012
187098
187336
187427
187462
187525
187576
187644
187797
187976
188137
188140
188143
188426
188505
188518
188585
188693
188854
188949
189020
189027
189127
189260
189280
189307
189345
189491
189614
189750
189831
189850
189880
189915
190125
190277
190363
190509
190554
190796
190805
191068
191073
191159
191197
191261
191338
191350
191632
191729
191858
191900
191912
191945
191978
191984
192256
192290
192307
192454
192464
192497
192524
192745
192795
193171
193384
193471
193682
193692
193947
193986
194056
194273
194294
194299
194372
194448
194545
194943
194968
194975
195027
195064
195195
195213
195303
195484
195525
195696
195816
195850
195978
196035
196108
196226
196365
196545
196672
196711
196721
196766
196773
196785
196931
196944
197121
197218
197273
197307
197383
197525
197540
197583
197591
197593
197697
197827
197888
197897
197917
197951
198084
198289
198308
198426
198434
198604
198607
198793
198936
199039
199166
199460
199572
199609
199739
199827
199829
200024
200033
200213
200312
200404
200442
200550
200625
200728
200814
200867
200910
200950
201252
201431
201517
201601
201644
201664
201969
201972
202115
202168
202209
202307
202372
202400
202431
202527
202617
202739
202805
202835
202855
202861
202912
203040
203112
203177
203210
203216
203306
203429
203433
203497
203538
203730
203836
203867
203876
203948
203986
204004
204024
204103
204272
204279
204489
204519
204643
204735
204746
204775
204779
204787
204987
205000
205007
205010
205093
205159
205334
205354
205613
205648
205744
205790
205917
205931
206121
206235
206304
206400
206451
206628
206653
206680
206700
206754
206801
206857
206858
207152
207317
207363
207391
207467
207479
207481
207513
207521
207691
207698
207775
207805
208000
208006
208022
208165
208189
208357
208597
208612
208621
208629
208646
208786
208829
208931
208978
209012
209027
209113
209166
209178
209203
209383
209491
209493
209494
209533
209654
209778
210000
210031
210077
210104
210195
210249
210271
210296
210344
210389
210437
210471
210542
210549
210570
210703
210729
210744
210751
210813
210909
210957
210991
211002
211029
211048
211079
211158
211281
211402
211540
211725
211843
211860
211955
212227
212303
212420
212438
212483
212532
212551
212584
212672
212682
212685
212840
212843
212866
212887
212903
213090
213241
213312
213419
213426
213433
213506
213742
213936
213970
214001
214018
214213
214326
214445
214464
214605
214641
214899
214995
215033
215081
215107
215280
215462
215553
215561
215584
215631
215776
215907
215972
216110
216150
216160
216191
216223
216502
216524
216556
216663
216810
216987
217040
217186
217327
217341
217454
217583
217938
218114
218223
218284
218467
218580
218652
218704
218842
218980
219335
219445
219454
219674
219880
219926
219966
220037
220076
220148
220239
220402
220417
220463
220472
220790
220795
220799
220835
220903
220917
221038
221119
221120
221187
221246
221289
221378
221438
221487
221540
221625
221663
221717
221739
221840
221903
222026
222036
222097
222180
222262
222305
222572
222917
223014
223072
223216
223295
223401
223451
223499
223571
223603
223719
223928
224045
224164
224263
224292
224379
224505
224508
224695
224711
224938
225053
225153
225331
225383
225530
225535
225567
225848
225870
225949
226374
226502
226587
226597
226658
226747
226825
227000
227202
227250
227422
227439
227713
227909
227957
228161
228224
228256
228456
228505
228671
228915
229075
229084
229362
229474
229494
229856
229962
229969
230046
230061
230133
230135
230209
230597
230614
230844
230851
230916
230996
231017
231035
231295
231414
231422
231675
231712
231801
231878
231932
232094
232165
232182
232227
232280
232351
232463
232524
232663
232670
232691
232779
232801
233004
233007
233080
233102
233116
233141
233242
233272
233319
233435
233456
233517
233543
233588
233642
233690
233786
233863
233900
234088
234176
234210
234297
234396
234416
234467
234515
234671
234811
235299
235314
235443
235468
235479
235543
235582
235904
235987
236125
236176
236184
236239
236295
236346
236352
236385
236397
236475
236530
236623
236630
236661
236673
236712
236822
236919
237031
237202
237203
237245
237340
237355
237367
237372
237511
237677
237831
237923
237976
237996
238025
238095
238227
238260
238301
238316
238517
238535
238557
238675
238892
239119
239204
239208
239331
239365
239382
239483
239515
239536
239616
239644
239693
239828
239849
239953
240134
240243
240485
240545
240695
240835
240841
240944
240945
241178
241388
241392
241539
241643
241761
241838
242036
242047
242431
242472
242535
242544
242583
242739
242745
242807
242854
242931
242964
243019
243327
243416
243472
243526
243657
243782
243839
243873
243927
244026
244267
244279
244484
244520
244597
244646
244692
244762
244768
244844
244894
245096
245116
245204
245209
245235
245298
245566
245797
245835
245946
246044
246056
246318
246323
246345
246396
246494
246553
246833
246839
246846
246875
247114
247134
247190
247469
247508
247604
247726
247976
247982
248002
248005
248033
248034
248052
248170
248250
248263
248355
248403
248417
248478
248580
248610
248823
248839
248910
248932
248952
249145
249166
249275
249515
249764
249817
249869
250079
250193
250249
250350
250360
250380
250400
250516
250565
250597
250630
250800
250903
251045
251115
251165
251234
251365
251496
251569
251754
251938
251985
252069
252093
252214
252558
252576
252768
252786
252799
252846
252925
252943
253148
253166
253202
253229
253238
253266
253335
253430
253449
253487
253550
253577
253691
253748
253887
253945
253955
253959
254025
254063
254079
254191
254199
254210
254291
254510
254615
254658
255017
255164
255226
255495
255532
255558
255577
255797
255849
255971
255983
255988
256057
256096
256236
256431
256475
256617
256648
256855
256884
257301
257339
257351
257388
257632
257670
257773
257858
257928
258071
258134
258222
258237
258248
258414
258571
258649
258853
258927
258975
259060
259067
259137
259149
259153
259228
259284
259338
259359
259514
259543
259595
259629
259717
259719
259753
260024
260129
260134
260181
260373
260381
260482
260733
260791
260906
260957
261151
261189
261239
261315
261458
261576
261673
261785
261829
261931
261945
262041
262407
262454
262550
262718
262884
262952
262967
262991
263006
263042
263084
263098
263111
263189
263212
263418
263450
263516
263603
263703
263764
263810
263896
264169
264250
264255
264304
264309
264337
264502
264504
264608
264821
264846
264926
265100
265145
265158
265173
265273
265279
265506
265744
265781
265810
265933
265990
266071
266200
266244
266271
266369
266479
266515
266600
266908
267014
267015
267048
267059
267210
267216
267266
267311
267611
267734
267985
268209
268251
268418
268552
268640
268940
269022
269090
269183
269273
269303
269493
269541
269557
269726
269853
269920
269983
270071
270111
270172
270202
270406
270407
270443
270596
270636
270922
271171
271183
271282
271343
271344
271396
271563
271633
271654
271771
271814
272026
272034
272058
272095
272309
272444
272459
272481
272603
272648
272653
272741
272785
273001
273120
273197
273276
273383
273503
273716
273789
273999
274277
274286
274314
274319
274424
274466
274514
274586
274642
274753
274759
274763
274916
274934
274949
275008
275014
275088
275304
275339
275377
275494
275556
275565
275741
275893
275956
276006
276077
276089
276247
276418
276420
276459
276460
276711
276735
276768
276806
276845
276937
276972
277003
277038
277050
277202
277491
277553
277746
277797
277857
277956
277990
278066
278096
278115
278135
278171
278174
278211
278315
278569
278573
278715
279073
279169
279324
279373
279418
279450
279485
279530
279647
279648
279946
280158
280307
280338
280377
280409
280589
280622
280666
280876
281051
281060
281066
281105
281177
281215
281227
281496
281503
281505
281557
281563
281575
281646
281663
281846
281917
281970
282027
282042
282220
282264
282339
282354
282473
282503
282515
282590
282661
282679
282733
282943
283093
283138
283171
283240
283267
283269
283279
283405
283534
283615
283624
283682
283868
283891
283942
283957
284233
284297
284338
284386
284758
284863
284888
284901
284910
284964
285046
285149
285498
285570
285628
285729
285891
286081
286116
286171
286181
286234
286302
286349
286550
286611
286685
286876
286953
287098
287119
287239
287312
287474
287568
287608
287666
287735
287774
287870
287903
287962
288099
288123
288187
288236
288451
288654
288683
288761
288941
289248
289255
289276
289367
289382
289514
289535
289621
289662
289699
289746
289797
289814
290185
290201
290350
290354
290370
290422
290498
290652
290705
290720
290754
290767
290866
290898
290941
290967
291018
291477
291501
291725
291764
291825
292015
292042
292116
292238
292287
292519
292585
292596
292722
292805
292898
293070
293159
293311
293382
293511
293529
293577
293592
293605
293820
293833
293986
294083
294186
294199
294214
294223
294309
294325
294348
294426
294430
294466
294527
294667
294716
294718
294730
294751
294850
294863
294909
294912
294942
295032
295082
295103
295257
295328
295329
295476
295505
295524
295655
295745
295840
295931
295940
296033
296153
296191
296344
296432
296631
296690
296700
296754
296767
296847
296894
296913
296978
297011
297019
297043
297104
297126
297157
297251
297357
297451
297512
297664
297789
297844
297868
297877
297929
297964
298034
298164
298287
298297
298300
298312
298327
298527
298596
298721
298906
298917
298931
299029
299105
299154
299351
299413
299544
299560
299568
299738
299794
299850
300024
300067
300169
300369
300383
300415
300499
300537
300568
300578
300598
300758
300806
300868
300881
300896
300908
300990
301121
301200
301256
301443
301965
301985
301998
302319
302552
302703
302740
302758
302903
303047
303076
303137
303360
303370
303431
303593
303627
303763
303788
303815
304095
304125
304134
304187
304295
304332
304385
304408
304434
304473
304519
304584
304691
304757
304909
304921
304930
305014
305103
305106
305117
305191
305224
305451
305527
305550
305600
305687
305752
305858
305916
305923
306069
306152
306160
306267
306305
306342
306393
306516
306570
306620
306632
306771
306811
306988
307061
307125
307136
307148
307603
307652
307732
307897
307970
308053
308257
308399
308488
308522
308744
308766
308774
308783
308905
308936
308967
309137
309153
309169
309706
309840
309870
309875
309948
310158
310203
310360
310457
310665
310673
310751
310889
310890
310981
311007
311065
311116
311121
311143
311173
311273
311284
311324
311612
311620
311667
311669
312010
312032
312126
312137
312379
312694
312785
313198
313220
313285
313364
313397
313465
313526
313553
313577
313582
313809
313914
313968
314019
314067
314202
314204
314319
314378
314392
314700
314708
314714
315025
315083
315168
315310
315339
315415
315504
315568
315719
315831
316014
316085
316102
316141
316238
316446
316490
316578
316631
316671
316807
316936
316971
317091
317162
317306
317407
317500
317619
317679
317765
317805
317832
318073
318168
318184
318234
318310
318476
318496
318497
318541
318605
318678
318904
319104
319134
319197
319391
319517
319591
319731
319735
319738
319907
319961
320059
320186
320390
320467
320609
320660
320763
320816
320858
320902
320918
320921
320929
321206
321382
321466
321492
321495
321562
321588
321594
321794
321802
321849
321852
322094
322103
322391
322405
322468
322592
322595
322790
323132
323162
323203
323213
323264
323347
323397
323448
323661
323664
323722
323917
324036
324160
324225
324228
324232
324280
324286
324332
324504
324605
324709
324713
324732
324829
324866
324924
324929
324971
324995
325057
325126
325685
325863
326048
326113
326124
326229
326232
326237
326373
326480
326484
326504
326723
326801
326947
327042
327262
327421
327586
327702
327724
327735
327758
327804
327819
327843
328023
328214
328270
328571
328628
328673
328740
328810
328812
328900
329001
329016
329090
329134
329191
329239
329527
329543
329551
329660
329752
329784
329847
330025
330223
330295
330573
330575
330650
330694
330752
330785
330824
330907
330934
330991
331023
331031
331298
331506
331523
331544
331577
331588
331664
331724
331885
331904
331907
332006
332352
332397
332405
332434
332540
332867
333134
333157
333379
333383
333498
333518
333537
333546
333580
333643
333684
333688
333704
333748
333749
333799
333831
333922
333929
333954
334032
334338
334362
334364
334410
334423
334557
334616
334626
334681
334715
334733
334751
334850
334980
335027
335111
335440
335565
335590
335633
335660
335712
335735
335802
335834
335855
336058
336181
336231
336370
336426
336465
336469
336491
336534
336546
336708
336812
336854
336942
337079
337298
337416
337552
337660
337951
337991
338064
338087
338167
338515
338866
338872
339034
339111
339240
339270
339307
339575
339595
339643
339677
339690
340102
340187
340228
340261
340316
340321
340727
340758
340971
340983
341027
341110
341348
341413
341430
341621
341695
341781
341794
341865
341891
342255
342523
342618
342639
342702
342704
342946
343002
343104
343153
343165
343215
343257
343319
343514
343570
343704
343860
343872
344031
344067
344080
344126
344255
344298
344361
344399
344544
344582
344896
344921
344996
345053
345114
345172
345225
345286
345518
345591
345702
345781
345799
345802
345831
345855
345882
346062
346082
346095
346161
346179
346270
346462
346492
346550
346668
346724
346806
346862
346898
346915
347016
347101
347167
347189
347243
347256
347263
347328
347340
347438
347469
347524
347555
347604
347697
347748
347794
347866
347877
347962
348157
348234
348269
348288
348299
348302
348382
348577
348606
348785
348805
348809
348857
349099
349215
349282
349354
349386
349403
349466
349530
349596
349658
349709
349725
349744
349784
349809
349846
349897
349905
349919
349943
349944
350044
350206
350234
350326
350361
350553
350620
350640
350701
350717
350737
350795
350825
350837
351033
351193
351239
351253
351380
351386
351403
351430
351479
351595
351783
351796
351850
351991
352173
352199
352211
352482
352623
352651
352660
352925
353098
353223
353288
353366
353740
353787
353790
353976
353991
353994
354012
354035
354218
354327
354359
354389
354391
354444
354483
354546
354557
354771
354794
354813
354843
354888
355156
355192
355345
355360
355368
355477
355555
355652
355697
355779
355830
355918
355975
356108
356116
356174
356184
356187
356445
356480
356734
356749
356752
356791
356866
356868
356916
356941
357010
357059
357132
357139
357242
357456
357461
357549
357583
357738
357769
357837
357898
358104
358171
358291
358344
358421
358466
358517
358581
358748
358921
359004
359005
359094
359098
359139
359253
359262
359363
359364
359535
359568
359775
360069
360112
360211
360236
360271
360279
360309
360473
360548
360570
360571
360736
360751
360760
360927
361158
361373
361475
361547
361661
362008
362038
362140
362166
362318
362499
362547
362568
362591
362658
362816
362865
362884
362999
363037
363079
363102
363107
363202
363252
363318
363333
363353
363386
363389
363576
363848
363942
363947
364028
364067
364082
364098
364139
364237
364252
364372
364458
364549
364701
364797
365080
365137
365187
365282
365306
365427
365569
365575
365587
365657
365817
365934
366005
366064
366071
366139
366313
366396
366469
366661
366740
366789
366829
367005
367048
367164
367260
367389
367611
367792
367917
367969
368132
368409
368439
368474
368476
368490
368589
368686
368833
368840
369036
369271
369283
369446
369514
369567
369603
369644
369777
369860
369866
369941
369976
370009
370426
370682
370836
371114
371153
371164
371302
371360
371530
372045
372097
372136
372319
372353
372357
372415
372479
372555
372604
372669
372685
372833
373043
373053
373239
373249
373254
373259
373283
373305
373325
373373
373401
373457
373465
373476
373500
373509
373522
373645
373750
373923
374068
374166
374208
374210
374211
374248
374361
374595
374666
374830
374860
375481
375739
375743
375750
375809
375857
375899
376045
376125
376269
376315
376366
376420
376697
376701
376719
376731
376831
376907
376921
376947
376983
376988
377055
377084
377105
377160
377190
377218
377412
377496
377509
377515
377543
377578
377666
377701
377758
377850
377983
378028
378070
378154
378179
378203
378214
378323
378373
378415
378419
378638
378775
379180
379487
379498
379578
379607
379613
379649
379672
380259
380271
380420
380482
380752
380797
380935
381025
381216
381253
381366
381470
381533
381602
381626
381828
381890
382101
382278
382356
382423
382643
382881
383007
383048
383267
383401
383553
383622
384049
384499
384755
384874
384907
384924
385126
385141
385150
385168
385239
385272
385283
385302
385504
385626
385701
385724
385749
385753
386261
386272
386304
386504
386752
387124
387256
387281
387408
387561
387704
387724
387913
388019
388020
388064
388075
388153
388255
388341
388376
388466
388468
388641
388662
388740
388824
388847
388865
388882
388933
389074
389107
389159
389207
389280
389384
389425
389516
389638
389729
389743
389755
389777
389855
390002
390125
390182
390213
390414
390675
390797
390879
390934
391170
391213
391374
391509
391561
391595
391651
391876
391966
391976
392055
392067
392068
392319
392329
392448
392615
392725
392776
392959
393037
393108
393195
393207
393290
393575
393634
393714
393735
393905
394071
394151
394185
394214
394266
394283
394359
394501
394529
394539
394547
394560
394580
394590
394600
394658
394713
394729
395178
395406
395576
395851
395888
395899
395965
396004
396143
396150
396186
396221
396228
396495
396574
396684
396725
396791
396793
396853
396868
396871
396927
396975
396976
397064
397104
397207
397575
397582
397736
397777
397819
397877
397929
397938
397973
398036
398099
398133
398164
398279
398289
398305
398569
398623
398733
398752
398834
398858
398941
399095
399185
399252
399432
399630
399687
399841
399880
399910
399922
399939
400200
400245
400405
400430
400748
400832
401001
401067
401094
401138
401337
401369
401402
401482
401553
401557
401580
401617
401650
401707
401711
401766
401780
401826
401842
401885
401981
402087
402172
402249
402255
402287
402359
402381
402655
402699
402987
403040
403184
403358
403592
403677
403786
403789
403813
403935
403953
403982
404065
404131
404194
404272
404408
404495
404557
404587
404633
404865
404899
404933
405121
405283
405324
405418
405435
405461
405520
405721
405873
405931
405995
406013
406034
406116
406121
406177
406268
406446
406490
406518
406533
406608
406708
407047
407065
407113
407139
407173
407192
407318
407348
407405
407470
407590
407651
407734
407806
408294
408345
408465
408491
408537
408576
408722
408792
409064
409091
409216
409220
409621
409706
409731
409825
409872
410005
410102
410107
410239
410494
410498
410535
410715
410731
410800
411189
411441
411445
411450
411669
411803
412004
412059
412076
412086
412141
412195
412544
412566
412631
412687
412697
412908
412910
413012
413291
413541
413585
413625
413707
413923
413941
413956
413970
414046
414047
414421
414463
414471
414552
414838
414877
414887
415283
415305
415388
415396
415435
415497
415594
415669
415918
416202
416248
416473
416477
416516
416535
416549
416575
416655
416767
416843
416878
416950
416973
416978
416997
417203
417369
417413
417446
417631
417674
417720
417818
417832
417983
418042
418074
418114
418134
418185
418409
418517
418600
418772
418844
418912
418935
418988
419110
419145
419159
419173
419186
419391
419466
419689
419750
419980
419994
420124
420135
420151
420244
420308
420316
420397
420487
420681
420688
421005
421145
421205
421309
421400
421514
421623
421759
421853
421876
422127
422183
422193
422283
422294
422520
422558
422653
422782
422823
422876
422992
423096
423128
423243
423267
423412
423541
423562
423711
423734
423739
423776
423778
423796
423806
423832
423850
423858
424157
424332
424368
424381
424412
424472
424518
424844
424991
425038
425177
425200
425542
425576
425590
425628
425691
425742
425817
425847
425862
426079
426088
426152
426414
426421
426422
426443
426712
426773
426776
426791
426807
426841
426850
426908
427166
427238
427252
427538
427555
427628
427946
427958
427981
428142
428309
428595
428683
428773
428872
428925
429048
429096
429251
429289
429517
429614
429806
429829
429873
429908
430061
430086
430092
430345
430369
430394
430417
430480
430481
430493
430555
430624
430898
430994
431013
431178
431192
431461
431817
431820
431890
431917
431972
432062
432169
432506
432604
432616
432622
432668
432754
432770
432806
432873
432884
432890
432897
432912
432924
433078
433262
433305
433398
433441
433618
433691
433896
433907
434069
434193
434208
434299
434319
434357
434539
434773
435096
435347
435468
435554
435632
435681
435743
436108
436453
436521
436522
436539
436544
436620
436621
436809
436838
436974
437184
437464
437485
437562
437620
437785
437797
437911
437944
437955
438029
438095
438099
438154
438267
438294
438348
438349
438446
438492
438600
438617
438888
438896
439139
439199
439386
439463
439506
439527
439576
439712
439756
439779
439784
439809
439817
439871
439889
439896
439987
440092
440204
440311
440340
440527
440532
440614
440666
440673
440813
440984
440998
441095
441108
441275
441412
441459
441772
441900
441905
442104
442150
442593
442638
442666
442808
442926
443243
443268
443342
443410
443455
443509
443547
443579
443601
443634
443727
444010
444033
444160
444202
444312
444339
444448
444467
444470
444692
444794
444805
444830
444949
444956
445098
445099
445308
445397
445443
445454
445495
445522
445590
445679
445879
445964
445965
446231
446436
446827
446899
447037
447196
447336
447557
447627
447639
447678
447834
448124
448267
448274
448280
448303
448317
448343
448507
448558
448689
448780
449032
449104
449154
449350
449414
449536
449622
449712
449778
449904
449913
449939
449959
450003
450111
450173
450219
450314
450478
450587
450687
450940
451003
451012
451063
451121
451240
451248
451274
451283
451336
451389
451707
451793
452004
452205
452229
452342
452638
452702
452761
452781
452878
452905
453025
453140
453167
453299
453389
453552
453553
453686
453706
453738
453779
453781
453918
453933
454107
454171
454205
454282
454436
454566
454619
454796
454864
454887
454894
454917
454923
455160
455350
455366
455408
455486
455672
455677
455719
455893
455984
456035
456136
456190
456191
456201
456217
456345
456443
456451
456485
456499
456500
456528
456554
456572
456608
456639
456753
456800
456987
457033
457258
457286
457292
457371
457599
457678
457734
457781
457800
457906
458085
458583
458596
458673
458857
458870
458957
459110
459328
459429
459644
460033
460039
460052
460222
460240
460343
460413
460415
460903
460918
460980
460996
461004
461099
461124
461286
461333
461389
461430
461458
461496
461557
461567
461644
461673
461908
461915
461983
461996
462124
462129
462173
462197
462208
462284
462379
462398
462588
462613
462750
462785
463004
463168
463284
463304
463571
463684
464112
464150
464298
464340
464430
464585
464650
464766
464789
464810
465017
465035
465046
465123
465196
465198
465243
465247
465269
465321
465333
465360
465412
465466
465476
465507
465605
465693
465734
465779
465824
465922
466097
466169
466267
466466
466519
466615
466775
466926
467256
467318
467358
467589
467686
467738
467753
467774
467809
467858
467905
468011
468202
468258
468313
468321
468340
468428
468484
468537
468570
468789
468792
468793
468852
468896
468985
469040
469055
469124
469301
469475
469495
469504
469515
469647
469701
469727
469768
469853
469878
470014
470021
470025
470028
470189
470305
470471
470501
470532
470549
470647
470700
470750
470770
470839
470871
470957
471182
471261
471279
471351
471572
471825
471916
472309
472312
472327
472602
472654
472662
472727
472740
472827
472830
472968
473035
473052
473090
473159
473256
473261
473403
473499
473508
473590
473631
473691
473762
473765
473902
473910
473911
473912
473917
474006
474024
474062
474118
474161
474230
474233
474387
474598
474721
474725
474869
474984
475037
475415
475488
475533
475571
475664
475668
475696
475699
475883
475984
476106
476155
476344
476463
476493
476679
476950
476965
477135
477162
477243
477245
477374
477438
477439
477555
477641
477774
477982
478052
478076
478154
478204
478224
478227
478262
478410
478448
478475
478599
478636
478652
478802
478805
478811
478841
478845
478985
479068
479081
479272
479388
479391
479412
479443
479496
479550
479593
479620
479697
479880
479903
479944
480053
480087
480121
480243
480412
480469
480518
480576
480594
480629
480908
480947
481144
481306
481479
481549
481581
481586
481747
481868
481971
482332
482381
482443
482444
482454
482659
482706
482748
482810
482858
482872
482889
483305
483362
483381
483449
483484
483489
483496
483646
483757
483971
483992
484277
484281
484289
484354
484467
484488
484504
484593
484619
484639
484650
485014
485077
485106
485185
485367
485387
485755
485777
485789
485829
485871
485928
486154
486247
486262
486452
486482
486626
486714
486718
486807
486983
487007
487061
487063
487137
487145
487198
487204
487228
487378
487404
487414
487539
487649
487696
487788
487840
487870
487927
488072
488215
488261
488395
488413
488510
488682
488683
488750
488753
488974
489103
489263
489372
489385
489452
489461
489463
489520
489723
489802
489856
490035
490087
490099
490224
490259
490291
490361
490556
490570
490585
490610
490648
490801
491140
491172
491244
491279
491665
491707
491857
491989
492065
492078
492096
492114
492138
492164
492171
492268
492297
492303
492368
492399
492402
492417
492478
492535
492736
493114
493231
493278
493307
493417
493454
493792
493811
493841
493952
494032
494208
494309
494341
494434
494599
494617
494622
494671
494680
494811
494936
494990
495055
495317
495695
495750
495769
495793
496434
496509
496517
496556
496776
496832
496839
496855
496932
497202
497245
497265
497384
497558
497797
497819
497870
497972
498079
498082
498114
498134
498175
498295
498658
498730
498943
498986
499027
499051
499102
499108
499135
499191
499408
499451
499552
499623
499760
499763
499784
499874
499979
500005
500027
500179
500271
500400
500408
500576
500594
500686
500694
500896
500898
501022
501056
501110
501269
501348
501499
501565
501575
501618
501625
501635
501700
501820
502212
502271
502281
502338
502379
502409
502670
502678
502827
502862
502884
502894
502914
502916
503011
503150
503155
503269
503274
503383
503500
503623
503683
503717
503834
503886
504108
504123
504230
504348
504400
504494
504606
504617
504862
504917
504969
504987
505028
505152
505479
505489
505501
505579
505622
505643
505898
505963
506037
506061
506283
506377
506508
506701
506838
506979
507049
507073
507252
507370
507389
507459
507460
507749
507761
507794
507871
507952
508008
508053
508055
508083
508343
508724
508749
508984
509054
509114
509149
509255
509390
509419
509442
509484
509509
509671
509915
509943
510232
510246
510399
510434
510531
510572
510859
510860
510977
511062
511179
511191
511279
511455
511472
511559
511639
511641
511676
511742
511789
511803
511806
512266
512325
512418
512509
512582
512625
512806
512827
512829
512838
512983
513042
513188
513221
513449
513496
513895
514213
514243
514435
514546
515102
515186
515210
515252
515392
515430
515431
515513
515518
515574
515673
515704
515729
515871
515899
516043
516046
516297
516488
516541
516570
516590
516725
516774
517140
517261
517484
517492
517594
517625
517760
517899
517911
517916
517947
518158
518303
518390
518730
518785
518849
518853
518948
519124
519211
519398
519506
519541
519616
519738
519852
519942
520039
520155
520434
520448
520451
520554
520590
520614
520750
520769
520831
521004
521005
521048
521096
521101
521209
521416
521452
521533
521543
521555
521570
521602
521618
521679
521797
521822
522069
522074
522173
522233
522258
522298
522461
522464
522620
522660
522669
522971
522992
523037
523186
523225
523490
523546
523608
523718
523834
523870
523893
523964
523966
523968
523997
524029
524059
524118
524420
524476
524645
524924
525153
525171
525218
525391
525572
525622
525668
525684
526098
526290
526312
526325
526350
526362
526523
526554
526568
527092
527216
527224
527264
527649
527711
527899
528020
528094
528243
528315
528517
528562
528563
528583
528642
528687
528796
528807
528890
528938
529126
529155
529226
529283
529310
529376
529389
529490
529500
529632
529661
529715
529745
529964
530160
530286
530289
530364
530486
530546
530622
530645
530683
530690
530719
530745
530832
530851
530869
530962
531016
531019
531333
531396
531441
531457
531465
531645
531778
531861
531949
531961
531964
531979
532013
532062
532083
532137
532188
532219
532224
532358
532437
532449
532635
532644
532662
532704
532711
532866
532895
532998
532999
533356
533377
533451
533454
533522
533523
533529
533542
533706
533757
533800
533860
533955
533988
534070
534292
534318
534353
534395
534440
534502
534637
534676
534711
534892
534896
534954
534975
535033
535060
535099
535100
535137
535141
535278
535325
535528
535585
535795
535995
536041
536055
536145
536146
536164
536233
536374
536390
536419
536504
536609
536827
536855
536923
536964
536999
537090
537160
537231
537286
537293
537335
537345
537367
537617
537924
538126
538182
538517
538537
538574
538588
538643
538691
538735
538993
539023
539307
539319
539434
539475
539593
539617
539647
539671
539737
539906
539934
539966
540057
540135
540287
540378
540444
540520
540670
540723
540864
540890
540922
540970
541105
541174
541209
541313
541319
541367
541385
541591
542036
542231
542313
542506
542573
542662
542799
542888
542930
542984
543027
543217
543263
543454
543470
543552
543635
543695
543697
543716
543860
544001
544220
544294
544307
544408
544832
544913
544933
545226
545253
545316
545409
545626
545696
545841
545944
545950
546093
546320
546361
546366
546408
546646
546677
546686
546825
547080
547165
547348
547351
547448
547450
547459
547485
547533
547703
547764
547770
547837
547879
548029
548118
548351
548452
548711
548723
548836
548858
549003
549194
549216
549330
549423
549563
549599
549804
549841
550127
550258
550338
550392
550396
550445
550449
550476
550545
550569
550617
550726
550812
550911
551023
551073
551169
551260
551464
551522
551676
551752
551757
551814
551868
551869
551922
552041
552052
552092
552159
552184
552254
552365
552444
552472
552482
552518
552538
552565
552826
552895
553100
553224
553232
553297
553364
553373
553413
553428
553495
553503
553640
553660
553668
553758
553800
553871
553997
554003
554102
554324
554354
554410
554490
554661
554863
554886
555073
555263
555457
555534
555577
555586
555615
555653
555794
555857
555921
556018
556112
556374
556542
556547
556569
556636
556709
556719
556813
556838
556886
556955
557219
557375
557461
557483
557514
557567
557888
557974
557990
558018
558077
558089
558142
558405
558444
558455
558570
558584
558824
558910
559107
559184
559249
559282
559350
559425
559464
559511
559522
559645
559657
559728
559768
559836
559859
559908
560087
560131
560137
560202
560282
560359
560384
560391
560457
560526
560567
560644
560691
560784
560909
560934
560989
561323
561324
561361
561371
561382
561464
561475
561488
561495
561576
561641
561658
561724
561731
561753
561794
561809
561947
562014
562071
562124
562147
562196
562222
562348
562360
562593
562602
562678
562777
562807
562830
562901
562930
562960
563028
563323
563477
563525
563617
563692
563743
563763
563839
563935
564198
564204
564240
564339
564421
564431
564721
564729
564756
564931
564952
564983
565044
565070
565091
565108
565115
565155
565183
565211
565424
565459
565500
565594
565684
565694
565799
565805
565830
565858
566188
566377
566385
566448
566568
566681
566993
567121
567240
567268
567274
567357
567368
567439
567488
567566
567797
568064
568112
568135
568143
568155
568203
568208
568243
568309
568357
568369
568417
568660
568668
568689
568830
568878
568948
568952
568962
569332
569363
569431
569774
569775
569867
570013
570275
570285
570390
570392
570436
570460
570474
570522
570560
570628
570741
570822
570890
571146
571158
571185
571193
571246
571311
571427
571640
571653
571673
571709
571719
571799
571867
571887
572089
572174
572295
572341
572354
572358
572467
572500
572508
572533
572608
572732
572745
572756
573125
573482
573855
573873
573874
573898
574014
574106
574277
574419
574456
574562
574563
574731
574760
574775
574784
574812
574829
574955
574996
575017
575055
575060
575133
575164
575176
575191
575227
575310
575361
575519
575835
576059
576082
576098
576397
576500
576526
576689
576705
576803
576816
576896
576963
577035
577197
577207
577240
577358
577378
577464
577653
577717
577819
577850
577869
577876
577928
577964
577975
578197
578307
578308
578466
578506
578519
578626
578627
578671
578841
578918
578986
579042
579260
579261
579267
579386
579568
579713
579716
579937
579995
580026
580082
580257
580381
580382
580396
580408
580505
580512
580609
580781
580785
580797
580905
581096
581198
581199
581326
581354
581419
581513
581732
581795
